1 42
2 76
3 94
4 100
5 101
6 111
7 130
8 138
9 155
10 162
11 165
12 165
13 172
14 178
15 187
16 189
17 193
18 201
19 211
20 214
21 215
22 231
23 232
24 232
25 234
26 244
27 248
28 251
29 255
30 263
31 263
32 265
33 267
34 268
35 271
36 276
37 278
38 281
39 283
40 291
41 291
42 304
43 304
44 308
45 309
46 311
47 314
48 315
49 316
50 318
51 341
52 346
53 346
54 354
55 356
56 356
57 358
58 362
59 373
60 374
61 374
62 384
63 384
64 391
65 404
66 407
67 407
68 409
69 414
70 422
71 430
72 435
73 452
74 464
75 478
76 494
77 496
78 500
79 516
80 518
81 518
82 525
83 530
84 550
85 567
86 574
87 607
88 619
89 620
90 653
91 658
92 662
93 666
94 672
95 702
96 739
97 762
98 786
99 803
100 901
